(kicad_pcb (version 20171130) (host pcbnew 5.0.1-33cea8e~68~ubuntu16.04.1)

  (general
    (thickness 1.6)
    (drawings 32)
    (tracks 549)
    (zones 0)
    (modules 60)
    (nets 61)
  )

  (page A4)
  (layers
    (0 F.Cu signal)
    (1 In1.Cu signal)
    (2 In2.Cu signal)
    (31 B.Cu signal)
    (32 B.Adhes user)
    (33 F.Adhes user)
    (34 B.Paste user)
    (35 F.Paste user)
    (36 B.SilkS user)
    (37 F.SilkS user)
    (38 B.Mask user)
    (39 F.Mask user)
    (40 Dwgs.User user)
    (41 Cmts.User user)
    (42 Eco1.User user)
    (43 Eco2.User user)
    (44 Edge.Cuts user)
    (45 Margin user)
    (46 B.CrtYd user)
    (47 F.CrtYd user)
    (48 B.Fab user)
    (49 F.Fab user)
  )

  (setup
    (last_trace_width 0.2)
    (user_trace_width 0.25)
    (user_trace_width 0.3)
    (user_trace_width 0.4)
    (user_trace_width 0.5)
    (user_trace_width 0.75)
    (user_trace_width 1)
    (user_trace_width 2)
    (trace_clearance 0.2)
    (zone_clearance 0.2)
    (zone_45_only no)
    (trace_min 0.2)
    (segment_width 0.2)
    (edge_width 0.15)
    (via_size 0.35)
    (via_drill 0.3)
    (via_min_size 0.3)
    (via_min_drill 0.3)
    (uvia_size 0.3)
    (uvia_drill 0.1)
    (uvias_allowed no)
    (uvia_min_size 0.2)
    (uvia_min_drill 0.1)
    (pcb_text_width 0.3)
    (pcb_text_size 1.5 1.5)
    (mod_edge_width 0.15)
    (mod_text_size 1 1)
    (mod_text_width 0.15)
    (pad_size 5.7 5.7)
    (pad_drill 3.2)
    (pad_to_mask_clearance 0.051)
    (solder_mask_min_width 0.25)
    (aux_axis_origin 0 0)
    (visible_elements FFFDFF7F)
    (pcbplotparams
      (layerselection 0x010fc_ffffffff)
      (usegerberextensions false)
      (usegerberattributes false)
      (usegerberadvancedattributes false)
      (creategerberjobfile false)
      (excludeedgelayer true)
      (linewidth 0.100000)
      (plotframeref false)
      (viasonmask false)
      (mode 1)
      (useauxorigin false)
      (hpglpennumber 1)
      (hpglpenspeed 20)
      (hpglpendiameter 15.000000)
      (psnegative false)
      (psa4output false)
      (plotreference true)
      (plotvalue true)
      (plotinvisibletext false)
      (padsonsilk false)
      (subtractmaskfromsilk false)
      (outputformat 1)
      (mirror false)
      (drillshape 1)
      (scaleselection 1)
      (outputdirectory ""))
  )

  (net 0 "")
  (net 1 GND)
  (net 2 +3V3)
  (net 3 -5V)
  (net 4 +5V)
  (net 5 +10V)
  (net 6 -10V)
  (net 7 DRV2)
  (net 8 HV2)
  (net 9 "Net-(IC1-Pad3)")
  (net 10 DRV3)
  (net 11 HV3)
  (net 12 "Net-(IC1-Pad6)")
  (net 13 DRV4)
  (net 14 HV4)
  (net 15 HV5)
  (net 16 DRV5)
  (net 17 "Net-(IC1-Pad15)")
  (net 18 HV6)
  (net 19 DRV6)
  (net 20 "Net-(IC1-Pad18)")
  (net 21 HV7)
  (net 22 DRV7)
  (net 23 HV8)
  (net 24 DRV8)
  (net 25 SCK)
  (net 26 MOSI)
  (net 27 MISO)
  (net 28 "Net-(IC1-Pad27)")
  (net 29 OUT8)
  (net 30 "Net-(IC1-Pad29)")
  (net 31 "Net-(IC1-Pad30)")
  (net 32 OUT7)
  (net 33 "Net-(IC1-Pad32)")
  (net 34 "Net-(IC1-Pad33)")
  (net 35 OUT6)
  (net 36 "Net-(IC1-Pad35)")
  (net 37 "Net-(IC1-Pad36)")
  (net 38 OUT5)
  (net 39 "Net-(IC1-Pad38)")
  (net 40 "Net-(IC1-Pad39)")
  (net 41 OUT4)
  (net 42 "Net-(IC1-Pad41)")
  (net 43 "Net-(IC1-Pad42)")
  (net 44 OUT3)
  (net 45 "Net-(IC1-Pad44)")
  (net 46 "Net-(IC1-Pad45)")
  (net 47 OUT2)
  (net 48 "Net-(IC1-Pad47)")
  (net 49 "Net-(IC1-Pad48)")
  (net 50 OUT1)
  (net 51 "Net-(IC1-Pad50)")
  (net 52 LE)
  (net 53 CLR)
  (net 54 "Net-(IC1-Pad54)")
  (net 55 DRV1)
  (net 56 HV1)
  (net 57 "Net-(IC2-Pad1)")
  (net 58 "Net-(IC2-Pad3)")
  (net 59 "Net-(U1-Pad4)")
  (net 60 "Net-(U2-Pad4)")

  (net_class Default "This is the default net class."
    (clearance 0.2)
    (trace_width 0.2)
    (via_dia 0.35)
    (via_drill 0.3)
    (uvia_dia 0.3)
    (uvia_drill 0.1)
    (add_net +10V)
    (add_net +3V3)
    (add_net +5V)
    (add_net -10V)
    (add_net -5V)
    (add_net CLR)
    (add_net DRV1)
    (add_net DRV2)
    (add_net DRV3)
    (add_net DRV4)
    (add_net DRV5)
    (add_net DRV6)
    (add_net DRV7)
    (add_net DRV8)
    (add_net GND)
    (add_net HV1)
    (add_net HV2)
    (add_net HV3)
    (add_net HV4)
    (add_net HV5)
    (add_net HV6)
    (add_net HV7)
    (add_net HV8)
    (add_net LE)
    (add_net MISO)
    (add_net MOSI)
    (add_net "Net-(IC1-Pad15)")
    (add_net "Net-(IC1-Pad18)")
    (add_net "Net-(IC1-Pad27)")
    (add_net "Net-(IC1-Pad29)")
    (add_net "Net-(IC1-Pad3)")
    (add_net "Net-(IC1-Pad30)")
    (add_net "Net-(IC1-Pad32)")
    (add_net "Net-(IC1-Pad33)")
    (add_net "Net-(IC1-Pad35)")
    (add_net "Net-(IC1-Pad36)")
    (add_net "Net-(IC1-Pad38)")
    (add_net "Net-(IC1-Pad39)")
    (add_net "Net-(IC1-Pad41)")
    (add_net "Net-(IC1-Pad42)")
    (add_net "Net-(IC1-Pad44)")
    (add_net "Net-(IC1-Pad45)")
    (add_net "Net-(IC1-Pad47)")
    (add_net "Net-(IC1-Pad48)")
    (add_net "Net-(IC1-Pad50)")
    (add_net "Net-(IC1-Pad54)")
    (add_net "Net-(IC1-Pad6)")
    (add_net "Net-(IC2-Pad1)")
    (add_net "Net-(IC2-Pad3)")
    (add_net "Net-(U1-Pad4)")
    (add_net "Net-(U2-Pad4)")
    (add_net OUT1)
    (add_net OUT2)
    (add_net OUT3)
    (add_net OUT4)
    (add_net OUT5)
    (add_net OUT6)
    (add_net OUT7)
    (add_net OUT8)
    (add_net SCK)
  )

  (module Connector:Banana_Jack_2Pin (layer F.Cu) (tedit 5C6AE9D9) (tstamp 5C8285B0)
    (at 84.5 43.5 90)
    (descr "Dual banana socket, footprint - 2 x 6mm drills")
    (tags "banana socket")
    (path /5C6CA124)
    (fp_text reference J18 (at 14.985 -6.24 90) (layer F.SilkS) hide
      (effects (font (size 1 1) (thickness 0.15)))
    )
    (fp_text value Conn_01x02_Female (at 14.985 6.29 90) (layer F.Fab)
      (effects (font (size 1 1) (thickness 0.15)))
    )
    (fp_line (start -17.525 -8) (end 17.525 -8) (layer F.SilkS) (width 0.12))
    (fp_line (start -17.525 8) (end 17.525 8) (layer F.SilkS) (width 0.12))
    (fp_text user %R (at 14.985 0 90) (layer F.Fab)
      (effects (font (size 1 1) (thickness 0.15)))
    )
    (pad 2 thru_hole circle (at 9.525 0 90) (size 10.16 10.16) (drill 6.1) (layers *.Cu *.Mask)
      (net 6 -10V))
    (pad 1 thru_hole circle (at -9.525 0 90) (size 10.16 10.16) (drill 6.1) (layers *.Cu *.Mask)
      (net 1 GND))
    (model ${KISYS3DMOD}/Connector.3dshapes/Banana_Jack_2Pin.wrl
      (offset (xyz 14.98599977493286 0 0))
      (scale (xyz 2 2 2))
      (rotate (xyz 0 0 0))
    )
  )

  (module Connector:Banana_Jack_2Pin (layer F.Cu) (tedit 5C6AE7C7) (tstamp 5C82859D)
    (at 102 43.5 90)
    (descr "Dual banana socket, footprint - 2 x 6mm drills")
    (tags "banana socket")
    (path /5C6C9C70)
    (fp_text reference J17 (at 14.985 -6.24 90) (layer F.SilkS) hide
      (effects (font (size 1 1) (thickness 0.15)))
    )
    (fp_text value Conn_01x02_Female (at 14.985 6.29 90) (layer F.Fab)
      (effects (font (size 1 1) (thickness 0.15)))
    )
    (fp_text user %R (at 14.985 0 90) (layer F.Fab)
      (effects (font (size 1 1) (thickness 0.15)))
    )
    (fp_line (start -17.525 -8) (end 17.525 -8) (layer F.SilkS) (width 0.12))
    (fp_line (start -17.525 8) (end 17.525 8) (layer F.SilkS) (width 0.12))
    (pad 1 thru_hole circle (at -9.525 0 90) (size 10.16 10.16) (drill 6.1) (layers *.Cu *.Mask)
      (net 1 GND))
    (pad 2 thru_hole circle (at 9.525 0 90) (size 10.16 10.16) (drill 6.1) (layers *.Cu *.Mask)
      (net 5 +10V))
    (model ${KISYS3DMOD}/Connector.3dshapes/Banana_Jack_2Pin.wrl
      (offset (xyz 14.98599977493286 0 0))
      (scale (xyz 2 2 2))
      (rotate (xyz 0 0 0))
    )
  )

  (module Capacitor_SMD:C_0603_1608Metric (layer B.Cu) (tedit 5C6A7AD1) (tstamp 5C828407)
    (at 35.2125 44.25)
    (descr "Capacitor SMD 0603 (1608 Metric), square (rectangular) end terminal, IPC_7351 nominal, (Body size source: http://www.tortai-tech.com/upload/download/2011102023233369053.pdf), generated with kicad-footprint-generator")
    (tags capacitor)
    (path /5C6B7071)
    (attr smd)
    (fp_text reference C7 (at 0 1.43) (layer B.SilkS) hide
      (effects (font (size 1 1) (thickness 0.15)) (justify mirror))
    )
    (fp_text value C (at 0 -1.43) (layer B.Fab)
      (effects (font (size 1 1) (thickness 0.15)) (justify mirror))
    )
    (fp_line (start -0.8 -0.4) (end -0.8 0.4) (layer B.Fab) (width 0.1))
    (fp_line (start -0.8 0.4) (end 0.8 0.4) (layer B.Fab) (width 0.1))
    (fp_line (start 0.8 0.4) (end 0.8 -0.4) (layer B.Fab) (width 0.1))
    (fp_line (start 0.8 -0.4) (end -0.8 -0.4) (layer B.Fab) (width 0.1))
    (fp_line (start -0.162779 0.51) (end 0.162779 0.51) (layer B.SilkS) (width 0.12))
    (fp_line (start -0.162779 -0.51) (end 0.162779 -0.51) (layer B.SilkS) (width 0.12))
    (fp_line (start -1.48 -0.73) (end -1.48 0.73) (layer B.CrtYd) (width 0.05))
    (fp_line (start -1.48 0.73) (end 1.48 0.73) (layer B.CrtYd) (width 0.05))
    (fp_line (start 1.48 0.73) (end 1.48 -0.73) (layer B.CrtYd) (width 0.05))
    (fp_line (start 1.48 -0.73) (end -1.48 -0.73) (layer B.CrtYd) (width 0.05))
    (fp_text user %R (at 0 0) (layer B.Fab)
      (effects (font (size 0.4 0.4) (thickness 0.06)) (justify mirror))
    )
    (pad 1 smd roundrect (at -0.7875 0) (size 0.875 0.95) (layers B.Cu B.Paste B.Mask) (roundrect_rratio 0.25)
      (net 1 GND))
    (pad 2 smd roundrect (at 0.7875 0) (size 0.875 0.95) (layers B.Cu B.Paste B.Mask) (roundrect_rratio 0.25)
      (net 3 -5V))
    (model ${KISYS3DMOD}/Capacitor_SMD.3dshapes/C_0603_1608Metric.wrl
      (at (xyz 0 0 0))
      (scale (xyz 1 1 1))
      (rotate (xyz 0 0 0))
    )
  )

  (module Capacitor_SMD:C_0603_1608Metric (layer F.Cu) (tedit 5C6A7B83) (tstamp 5C8283A1)
    (at 66 50.5 180)
    (descr "Capacitor SMD 0603 (1608 Metric), square (rectangular) end terminal, IPC_7351 nominal, (Body size source: http://www.tortai-tech.com/upload/download/2011102023233369053.pdf), generated with kicad-footprint-generator")
    (tags capacitor)
    (path /5C6A5D94)
    (attr smd)
    (fp_text reference C1 (at 0 -1.43 180) (layer F.SilkS) hide
      (effects (font (size 1 1) (thickness 0.15)))
    )
    (fp_text value C (at 0 1.43 180) (layer F.Fab)
      (effects (font (size 1 1) (thickness 0.15)))
    )
    (fp_line (start -0.8 0.4) (end -0.8 -0.4) (layer F.Fab) (width 0.1))
    (fp_line (start -0.8 -0.4) (end 0.8 -0.4) (layer F.Fab) (width 0.1))
    (fp_line (start 0.8 -0.4) (end 0.8 0.4) (layer F.Fab) (width 0.1))
    (fp_line (start 0.8 0.4) (end -0.8 0.4) (layer F.Fab) (width 0.1))
    (fp_line (start -0.162779 -0.51) (end 0.162779 -0.51) (layer F.SilkS) (width 0.12))
    (fp_line (start -0.162779 0.51) (end 0.162779 0.51) (layer F.SilkS) (width 0.12))
    (fp_line (start -1.48 0.73) (end -1.48 -0.73) (layer F.CrtYd) (width 0.05))
    (fp_line (start -1.48 -0.73) (end 1.48 -0.73) (layer F.CrtYd) (width 0.05))
    (fp_line (start 1.48 -0.73) (end 1.48 0.73) (layer F.CrtYd) (width 0.05))
    (fp_line (start 1.48 0.73) (end -1.48 0.73) (layer F.CrtYd) (width 0.05))
    (fp_text user %R (at 0 0 180) (layer F.Fab)
      (effects (font (size 0.4 0.4) (thickness 0.06)))
    )
    (pad 1 smd roundrect (at -0.7875 0 180) (size 0.875 0.95) (layers F.Cu F.Paste F.Mask) (roundrect_rratio 0.25)
      (net 1 GND))
    (pad 2 smd roundrect (at 0.7875 0 180) (size 0.875 0.95) (layers F.Cu F.Paste F.Mask) (roundrect_rratio 0.25)
      (net 2 +3V3))
    (model ${KISYS3DMOD}/Capacitor_SMD.3dshapes/C_0603_1608Metric.wrl
      (at (xyz 0 0 0))
      (scale (xyz 1 1 1))
      (rotate (xyz 0 0 0))
    )
  )

  (module Capacitor_SMD:C_0603_1608Metric (layer F.Cu) (tedit 5C6A7B61) (tstamp 5C8283B2)
    (at 66.75 22.0375 90)
    (descr "Capacitor SMD 0603 (1608 Metric), square (rectangular) end terminal, IPC_7351 nominal, (Body size source: http://www.tortai-tech.com/upload/download/2011102023233369053.pdf), generated with kicad-footprint-generator")
    (tags capacitor)
    (path /5C6A5B8F)
    (attr smd)
    (fp_text reference C2 (at 0 -1.43 90) (layer F.SilkS) hide
      (effects (font (size 1 1) (thickness 0.15)))
    )
    (fp_text value C (at 0 1.43 90) (layer F.Fab)
      (effects (font (size 1 1) (thickness 0.15)))
    )
    (fp_text user %R (at 0 0 90) (layer F.Fab)
      (effects (font (size 0.4 0.4) (thickness 0.06)))
    )
    (fp_line (start 1.48 0.73) (end -1.48 0.73) (layer F.CrtYd) (width 0.05))
    (fp_line (start 1.48 -0.73) (end 1.48 0.73) (layer F.CrtYd) (width 0.05))
    (fp_line (start -1.48 -0.73) (end 1.48 -0.73) (layer F.CrtYd) (width 0.05))
    (fp_line (start -1.48 0.73) (end -1.48 -0.73) (layer F.CrtYd) (width 0.05))
    (fp_line (start -0.162779 0.51) (end 0.162779 0.51) (layer F.SilkS) (width 0.12))
    (fp_line (start -0.162779 -0.51) (end 0.162779 -0.51) (layer F.SilkS) (width 0.12))
    (fp_line (start 0.8 0.4) (end -0.8 0.4) (layer F.Fab) (width 0.1))
    (fp_line (start 0.8 -0.4) (end 0.8 0.4) (layer F.Fab) (width 0.1))
    (fp_line (start -0.8 -0.4) (end 0.8 -0.4) (layer F.Fab) (width 0.1))
    (fp_line (start -0.8 0.4) (end -0.8 -0.4) (layer F.Fab) (width 0.1))
    (pad 2 smd roundrect (at 0.7875 0 90) (size 0.875 0.95) (layers F.Cu F.Paste F.Mask) (roundrect_rratio 0.25)
      (net 1 GND))
    (pad 1 smd roundrect (at -0.7875 0 90) (size 0.875 0.95) (layers F.Cu F.Paste F.Mask) (roundrect_rratio 0.25)
      (net 3 -5V))
    (model ${KISYS3DMOD}/Capacitor_SMD.3dshapes/C_0603_1608Metric.wrl
      (at (xyz 0 0 0))
      (scale (xyz 1 1 1))
      (rotate (xyz 0 0 0))
    )
  )

  (module Capacitor_SMD:C_0603_1608Metric (layer F.Cu) (tedit 5C6A7B7E) (tstamp 5C8283C3)
    (at 69 46.5 270)
    (descr "Capacitor SMD 0603 (1608 Metric), square (rectangular) end terminal, IPC_7351 nominal, (Body size source: http://www.tortai-tech.com/upload/download/2011102023233369053.pdf), generated with kicad-footprint-generator")
    (tags capacitor)
    (path /5C6A592A)
    (attr smd)
    (fp_text reference C3 (at 0 -1.43 270) (layer F.SilkS) hide
      (effects (font (size 1 1) (thickness 0.15)))
    )
    (fp_text value C (at 0 1.43 270) (layer F.Fab)
      (effects (font (size 1 1) (thickness 0.15)))
    )
    (fp_line (start -0.8 0.4) (end -0.8 -0.4) (layer F.Fab) (width 0.1))
    (fp_line (start -0.8 -0.4) (end 0.8 -0.4) (layer F.Fab) (width 0.1))
    (fp_line (start 0.8 -0.4) (end 0.8 0.4) (layer F.Fab) (width 0.1))
    (fp_line (start 0.8 0.4) (end -0.8 0.4) (layer F.Fab) (width 0.1))
    (fp_line (start -0.162779 -0.51) (end 0.162779 -0.51) (layer F.SilkS) (width 0.12))
    (fp_line (start -0.162779 0.51) (end 0.162779 0.51) (layer F.SilkS) (width 0.12))
    (fp_line (start -1.48 0.73) (end -1.48 -0.73) (layer F.CrtYd) (width 0.05))
    (fp_line (start -1.48 -0.73) (end 1.48 -0.73) (layer F.CrtYd) (width 0.05))
    (fp_line (start 1.48 -0.73) (end 1.48 0.73) (layer F.CrtYd) (width 0.05))
    (fp_line (start 1.48 0.73) (end -1.48 0.73) (layer F.CrtYd) (width 0.05))
    (fp_text user %R (at 0 0 270) (layer F.Fab)
      (effects (font (size 0.4 0.4) (thickness 0.06)))
    )
    (pad 1 smd roundrect (at -0.7875 0 270) (size 0.875 0.95) (layers F.Cu F.Paste F.Mask) (roundrect_rratio 0.25)
      (net 4 +5V))
    (pad 2 smd roundrect (at 0.7875 0 270) (size 0.875 0.95) (layers F.Cu F.Paste F.Mask) (roundrect_rratio 0.25)
      (net 1 GND))
    (model ${KISYS3DMOD}/Capacitor_SMD.3dshapes/C_0603_1608Metric.wrl
      (at (xyz 0 0 0))
      (scale (xyz 1 1 1))
      (rotate (xyz 0 0 0))
    )
  )

  (module Capacitor_SMD:C_0603_1608Metric (layer F.Cu) (tedit 5C6A7B6E) (tstamp 5C8283D4)
    (at 66.25 42.75 180)
    (descr "Capacitor SMD 0603 (1608 Metric), square (rectangular) end terminal, IPC_7351 nominal, (Body size source: http://www.tortai-tech.com/upload/download/2011102023233369053.pdf), generated with kicad-footprint-generator")
    (tags capacitor)
    (path /5C6C037A)
    (attr smd)
    (fp_text reference C4 (at 0 -1.43 180) (layer F.SilkS) hide
      (effects (font (size 1 1) (thickness 0.15)))
    )
    (fp_text value C (at 0 1.43 180) (layer F.Fab)
      (effects (font (size 1 1) (thickness 0.15)))
    )
    (fp_line (start -0.8 0.4) (end -0.8 -0.4) (layer F.Fab) (width 0.1))
    (fp_line (start -0.8 -0.4) (end 0.8 -0.4) (layer F.Fab) (width 0.1))
    (fp_line (start 0.8 -0.4) (end 0.8 0.4) (layer F.Fab) (width 0.1))
    (fp_line (start 0.8 0.4) (end -0.8 0.4) (layer F.Fab) (width 0.1))
    (fp_line (start -0.162779 -0.51) (end 0.162779 -0.51) (layer F.SilkS) (width 0.12))
    (fp_line (start -0.162779 0.51) (end 0.162779 0.51) (layer F.SilkS) (width 0.12))
    (fp_line (start -1.48 0.73) (end -1.48 -0.73) (layer F.CrtYd) (width 0.05))
    (fp_line (start -1.48 -0.73) (end 1.48 -0.73) (layer F.CrtYd) (width 0.05))
    (fp_line (start 1.48 -0.73) (end 1.48 0.73) (layer F.CrtYd) (width 0.05))
    (fp_line (start 1.48 0.73) (end -1.48 0.73) (layer F.CrtYd) (width 0.05))
    (fp_text user %R (at 0 0 180) (layer F.Fab)
      (effects (font (size 0.4 0.4) (thickness 0.06)))
    )
    (pad 1 smd roundrect (at -0.7875 0 180) (size 0.875 0.95) (layers F.Cu F.Paste F.Mask) (roundrect_rratio 0.25)
      (net 1 GND))
    (pad 2 smd roundrect (at 0.7875 0 180) (size 0.875 0.95) (layers F.Cu F.Paste F.Mask) (roundrect_rratio 0.25)
      (net 4 +5V))
    (model ${KISYS3DMOD}/Capacitor_SMD.3dshapes/C_0603_1608Metric.wrl
      (at (xyz 0 0 0))
      (scale (xyz 1 1 1))
      (rotate (xyz 0 0 0))
    )
  )

  (module Capacitor_SMD:C_0603_1608Metric (layer F.Cu) (tedit 5C6A7B76) (tstamp 5C8283E5)
    (at 69 39.2875 90)
    (descr "Capacitor SMD 0603 (1608 Metric), square (rectangular) end terminal, IPC_7351 nominal, (Body size source: http://www.tortai-tech.com/upload/download/2011102023233369053.pdf), generated with kicad-footprint-generator")
    (tags capacitor)
    (path /5C6BBF36)
    (attr smd)
    (fp_text reference C5 (at 0 -1.43 90) (layer F.SilkS) hide
      (effects (font (size 1 1) (thickness 0.15)))
    )
    (fp_text value C (at 0 1.43 90) (layer F.Fab)
      (effects (font (size 1 1) (thickness 0.15)))
    )
    (fp_line (start -0.8 0.4) (end -0.8 -0.4) (layer F.Fab) (width 0.1))
    (fp_line (start -0.8 -0.4) (end 0.8 -0.4) (layer F.Fab) (width 0.1))
    (fp_line (start 0.8 -0.4) (end 0.8 0.4) (layer F.Fab) (width 0.1))
    (fp_line (start 0.8 0.4) (end -0.8 0.4) (layer F.Fab) (width 0.1))
    (fp_line (start -0.162779 -0.51) (end 0.162779 -0.51) (layer F.SilkS) (width 0.12))
    (fp_line (start -0.162779 0.51) (end 0.162779 0.51) (layer F.SilkS) (width 0.12))
    (fp_line (start -1.48 0.73) (end -1.48 -0.73) (layer F.CrtYd) (width 0.05))
    (fp_line (start -1.48 -0.73) (end 1.48 -0.73) (layer F.CrtYd) (width 0.05))
    (fp_line (start 1.48 -0.73) (end 1.48 0.73) (layer F.CrtYd) (width 0.05))
    (fp_line (start 1.48 0.73) (end -1.48 0.73) (layer F.CrtYd) (width 0.05))
    (fp_text user %R (at 0 0 90) (layer F.Fab)
      (effects (font (size 0.4 0.4) (thickness 0.06)))
    )
    (pad 1 smd roundrect (at -0.7875 0 90) (size 0.875 0.95) (layers F.Cu F.Paste F.Mask) (roundrect_rratio 0.25)
      (net 1 GND))
    (pad 2 smd roundrect (at 0.7875 0 90) (size 0.875 0.95) (layers F.Cu F.Paste F.Mask) (roundrect_rratio 0.25)
      (net 5 +10V))
    (model ${KISYS3DMOD}/Capacitor_SMD.3dshapes/C_0603_1608Metric.wrl
      (at (xyz 0 0 0))
      (scale (xyz 1 1 1))
      (rotate (xyz 0 0 0))
    )
  )

  (module Capacitor_SMD:C_0603_1608Metric (layer B.Cu) (tedit 5C6A7ACB) (tstamp 5C8283F6)
    (at 35.2875 42.5 180)
    (descr "Capacitor SMD 0603 (1608 Metric), square (rectangular) end terminal, IPC_7351 nominal, (Body size source: http://www.tortai-tech.com/upload/download/2011102023233369053.pdf), generated with kicad-footprint-generator")
    (tags capacitor)
    (path /5C6BE067)
    (attr smd)
    (fp_text reference C6 (at 0 1.43 180) (layer B.SilkS) hide
      (effects (font (size 1 1) (thickness 0.15)) (justify mirror))
    )
    (fp_text value C (at 0 -1.43 180) (layer B.Fab)
      (effects (font (size 1 1) (thickness 0.15)) (justify mirror))
    )
    (fp_text user %R (at 0 0 180) (layer B.Fab)
      (effects (font (size 0.4 0.4) (thickness 0.06)) (justify mirror))
    )
    (fp_line (start 1.48 -0.73) (end -1.48 -0.73) (layer B.CrtYd) (width 0.05))
    (fp_line (start 1.48 0.73) (end 1.48 -0.73) (layer B.CrtYd) (width 0.05))
    (fp_line (start -1.48 0.73) (end 1.48 0.73) (layer B.CrtYd) (width 0.05))
    (fp_line (start -1.48 -0.73) (end -1.48 0.73) (layer B.CrtYd) (width 0.05))
    (fp_line (start -0.162779 -0.51) (end 0.162779 -0.51) (layer B.SilkS) (width 0.12))
    (fp_line (start -0.162779 0.51) (end 0.162779 0.51) (layer B.SilkS) (width 0.12))
    (fp_line (start 0.8 -0.4) (end -0.8 -0.4) (layer B.Fab) (width 0.1))
    (fp_line (start 0.8 0.4) (end 0.8 -0.4) (layer B.Fab) (width 0.1))
    (fp_line (start -0.8 0.4) (end 0.8 0.4) (layer B.Fab) (width 0.1))
    (fp_line (start -0.8 -0.4) (end -0.8 0.4) (layer B.Fab) (width 0.1))
    (pad 2 smd roundrect (at 0.7875 0 180) (size 0.875 0.95) (layers B.Cu B.Paste B.Mask) (roundrect_rratio 0.25)
      (net 1 GND))
    (pad 1 smd roundrect (at -0.7875 0 180) (size 0.875 0.95) (layers B.Cu B.Paste B.Mask) (roundrect_rratio 0.25)
      (net 4 +5V))
    (model ${KISYS3DMOD}/Capacitor_SMD.3dshapes/C_0603_1608Metric.wrl
      (at (xyz 0 0 0))
      (scale (xyz 1 1 1))
      (rotate (xyz 0 0 0))
    )
  )

  (module Capacitor_SMD:C_0603_1608Metric (layer F.Cu) (tedit 5C6A7B6A) (tstamp 5C828418)
    (at 72.75 21.5 270)
    (descr "Capacitor SMD 0603 (1608 Metric), square (rectangular) end terminal, IPC_7351 nominal, (Body size source: http://www.tortai-tech.com/upload/download/2011102023233369053.pdf), generated with kicad-footprint-generator")
    (tags capacitor)
    (path /5C6B8DFD)
    (attr smd)
    (fp_text reference C8 (at 0 -1.43 270) (layer F.SilkS) hide
      (effects (font (size 1 1) (thickness 0.15)))
    )
    (fp_text value C (at 0 1.43 270) (layer F.Fab)
      (effects (font (size 1 1) (thickness 0.15)))
    )
    (fp_text user %R (at 0 0 270) (layer F.Fab)
      (effects (font (size 0.4 0.4) (thickness 0.06)))
    )
    (fp_line (start 1.48 0.73) (end -1.48 0.73) (layer F.CrtYd) (width 0.05))
    (fp_line (start 1.48 -0.73) (end 1.48 0.73) (layer F.CrtYd) (width 0.05))
    (fp_line (start -1.48 -0.73) (end 1.48 -0.73) (layer F.CrtYd) (width 0.05))
    (fp_line (start -1.48 0.73) (end -1.48 -0.73) (layer F.CrtYd) (width 0.05))
    (fp_line (start -0.162779 0.51) (end 0.162779 0.51) (layer F.SilkS) (width 0.12))
    (fp_line (start -0.162779 -0.51) (end 0.162779 -0.51) (layer F.SilkS) (width 0.12))
    (fp_line (start 0.8 0.4) (end -0.8 0.4) (layer F.Fab) (width 0.1))
    (fp_line (start 0.8 -0.4) (end 0.8 0.4) (layer F.Fab) (width 0.1))
    (fp_line (start -0.8 -0.4) (end 0.8 -0.4) (layer F.Fab) (width 0.1))
    (fp_line (start -0.8 0.4) (end -0.8 -0.4) (layer F.Fab) (width 0.1))
    (pad 2 smd roundrect (at 0.7875 0 270) (size 0.875 0.95) (layers F.Cu F.Paste F.Mask) (roundrect_rratio 0.25)
      (net 6 -10V))
    (pad 1 smd roundrect (at -0.7875 0 270) (size 0.875 0.95) (layers F.Cu F.Paste F.Mask) (roundrect_rratio 0.25)
      (net 1 GND))
    (model ${KISYS3DMOD}/Capacitor_SMD.3dshapes/C_0603_1608Metric.wrl
      (at (xyz 0 0 0))
      (scale (xyz 1 1 1))
      (rotate (xyz 0 0 0))
    )
  )

  (module Capacitor_SMD:C_0603_1608Metric (layer B.Cu) (tedit 5C6A7AC7) (tstamp 5C828429)
    (at 35.2875 40.75 180)
    (descr "Capacitor SMD 0603 (1608 Metric), square (rectangular) end terminal, IPC_7351 nominal, (Body size source: http://www.tortai-tech.com/upload/download/2011102023233369053.pdf), generated with kicad-footprint-generator")
    (tags capacitor)
    (path /5C6C161C)
    (attr smd)
    (fp_text reference C9 (at 0 1.43 180) (layer B.SilkS) hide
      (effects (font (size 1 1) (thickness 0.15)) (justify mirror))
    )
    (fp_text value C (at 0 -1.43 180) (layer B.Fab)
      (effects (font (size 1 1) (thickness 0.15)) (justify mirror))
    )
    (fp_text user %R (at 0 0 180) (layer B.Fab)
      (effects (font (size 0.4 0.4) (thickness 0.06)) (justify mirror))
    )
    (fp_line (start 1.48 -0.73) (end -1.48 -0.73) (layer B.CrtYd) (width 0.05))
    (fp_line (start 1.48 0.73) (end 1.48 -0.73) (layer B.CrtYd) (width 0.05))
    (fp_line (start -1.48 0.73) (end 1.48 0.73) (layer B.CrtYd) (width 0.05))
    (fp_line (start -1.48 -0.73) (end -1.48 0.73) (layer B.CrtYd) (width 0.05))
    (fp_line (start -0.162779 -0.51) (end 0.162779 -0.51) (layer B.SilkS) (width 0.12))
    (fp_line (start -0.162779 0.51) (end 0.162779 0.51) (layer B.SilkS) (width 0.12))
    (fp_line (start 0.8 -0.4) (end -0.8 -0.4) (layer B.Fab) (width 0.1))
    (fp_line (start 0.8 0.4) (end 0.8 -0.4) (layer B.Fab) (width 0.1))
    (fp_line (start -0.8 0.4) (end 0.8 0.4) (layer B.Fab) (width 0.1))
    (fp_line (start -0.8 -0.4) (end -0.8 0.4) (layer B.Fab) (width 0.1))
    (pad 2 smd roundrect (at 0.7875 0 180) (size 0.875 0.95) (layers B.Cu B.Paste B.Mask) (roundrect_rratio 0.25)
      (net 1 GND))
    (pad 1 smd roundrect (at -0.7875 0 180) (size 0.875 0.95) (layers B.Cu B.Paste B.Mask) (roundrect_rratio 0.25)
      (net 2 +3V3))
    (model ${KISYS3DMOD}/Capacitor_SMD.3dshapes/C_0603_1608Metric.wrl
      (at (xyz 0 0 0))
      (scale (xyz 1 1 1))
      (rotate (xyz 0 0 0))
    )
  )

  (module MountingHole:MountingHole_3.2mm_M3_ISO7380_Pad (layer F.Cu) (tedit 5C6A7A8C) (tstamp 5C828431)
    (at 10 20)
    (descr "Mounting Hole 3.2mm, M3, ISO7380")
    (tags "mounting hole 3.2mm m3 iso7380")
    (path /5C6C2D48)
    (attr virtual)
    (fp_text reference H1 (at 0 -3.85) (layer F.SilkS) hide
      (effects (font (size 1 1) (thickness 0.15)))
    )
    (fp_text value MountingHole_Pad (at 0 3.85) (layer F.Fab)
      (effects (font (size 1 1) (thickness 0.15)))
    )
    (fp_circle (center 0 0) (end 3.1 0) (layer F.CrtYd) (width 0.05))
    (fp_circle (center 0 0) (end 2.85 0) (layer Cmts.User) (width 0.15))
    (fp_text user %R (at 0.3 0) (layer F.Fab)
      (effects (font (size 1 1) (thickness 0.15)))
    )
    (pad 1 thru_hole circle (at 0 0) (size 5.7 5.7) (drill 3.2) (layers *.Cu *.Mask)
      (net 1 GND))
  )

  (module MountingHole:MountingHole_3.2mm_M3_ISO7380_Pad (layer F.Cu) (tedit 5C6A7AAD) (tstamp 5C828439)
    (at 100 68)
    (descr "Mounting Hole 3.2mm, M3, ISO7380")
    (tags "mounting hole 3.2mm m3 iso7380")
    (path /5C6C2E86)
    (attr virtual)
    (fp_text reference H2 (at 0 -3.85) (layer F.SilkS) hide
      (effects (font (size 1 1) (thickness 0.15)))
    )
    (fp_text value MountingHole_Pad (at 0 3.85) (layer F.Fab)
      (effects (font (size 1 1) (thickness 0.15)))
    )
    (fp_text user %R (at 0.3 0) (layer F.Fab)
      (effects (font (size 1 1) (thickness 0.15)))
    )
    (fp_circle (center 0 0) (end 2.85 0) (layer Cmts.User) (width 0.15))
    (fp_circle (center 0 0) (end 3.1 0) (layer F.CrtYd) (width 0.05))
    (pad 1 thru_hole circle (at 0 0) (size 5.7 5.7) (drill 3.2) (layers *.Cu *.Mask)
      (net 1 GND))
  )

  (module MountingHole:MountingHole_3.2mm_M3_ISO7380_Pad (layer F.Cu) (tedit 5C6A7A88) (tstamp 5C828441)
    (at 10 68)
    (descr "Mounting Hole 3.2mm, M3, ISO7380")
    (tags "mounting hole 3.2mm m3 iso7380")
    (path /5C6C2F0F)
    (attr virtual)
    (fp_text reference H3 (at 0 -3.85) (layer F.SilkS) hide
      (effects (font (size 1 1) (thickness 0.15)))
    )
    (fp_text value MountingHole_Pad (at 0 3.85) (layer F.Fab)
      (effects (font (size 1 1) (thickness 0.15)))
    )
    (fp_text user %R (at 0.3 0) (layer F.Fab)
      (effects (font (size 1 1) (thickness 0.15)))
    )
    (fp_circle (center 0 0) (end 2.85 0) (layer Cmts.User) (width 0.15))
    (fp_circle (center 0 0) (end 3.1 0) (layer F.CrtYd) (width 0.05))
    (pad 1 thru_hole circle (at 0 0) (size 5.7 5.7) (drill 3.2) (layers *.Cu *.Mask)
      (net 1 GND))
  )

  (module MountingHole:MountingHole_3.2mm_M3_ISO7380_Pad (layer F.Cu) (tedit 5C6A7AB4) (tstamp 5C828449)
    (at 100 20)
    (descr "Mounting Hole 3.2mm, M3, ISO7380")
    (tags "mounting hole 3.2mm m3 iso7380")
    (path /5C6C2F9B)
    (attr virtual)
    (fp_text reference H4 (at 0 -3.85) (layer F.SilkS) hide
      (effects (font (size 1 1) (thickness 0.15)))
    )
    (fp_text value MountingHole_Pad (at 0 3.85) (layer F.Fab)
      (effects (font (size 1 1) (thickness 0.15)))
    )
    (fp_circle (center 0 0) (end 3.1 0) (layer F.CrtYd) (width 0.05))
    (fp_circle (center 0 0) (end 2.85 0) (layer Cmts.User) (width 0.15))
    (fp_text user %R (at 0.3 0) (layer F.Fab)
      (effects (font (size 1 1) (thickness 0.15)))
    )
    (pad 1 thru_hole circle (at 0 0) (size 5.7 5.7) (drill 3.2) (layers *.Cu *.Mask)
      (net 1 GND))
  )

  (module MAX4937CTN+:QFN50PX500X1100X80-57N (layer F.Cu) (tedit 5C6A7ABF) (tstamp 5C828493)
    (at 40.4368 43.0784)
    (descr QFN50PX500X1100X80-57N)
    (tags "Integrated Circuit")
    (path /5C6A553A)
    (attr smd)
    (fp_text reference IC1 (at -3.4544 -8.255) (layer F.SilkS) hide
      (effects (font (size 1.27 1.27) (thickness 0.254)))
    )
    (fp_text value MAX4937CTN+ (at -3.4544 -8.255) (layer F.SilkS) hide
      (effects (font (size 1.27 1.27) (thickness 0.254)))
    )
    (fp_line (start -4.2418 4.7498) (end -3.2258 4.7498) (layer F.SilkS) (width 0.1524))
    (fp_line (start 3.2258 4.2418) (end 4.2418 4.2418) (layer F.SilkS) (width 0.1524))
    (fp_line (start 1.2954 -6.223) (end 1.2954 -7.239) (layer F.SilkS) (width 0.1524))
    (fp_line (start -4.2418 -0.254) (end -3.2258 -0.254) (layer F.SilkS) (width 0.1524))
    (fp_line (start 3.2258 -0.762) (end 4.2418 -0.762) (layer F.SilkS) (width 0.1524))
    (fp_line (start 2.54 -5.2324) (end 2.54 -5.5626) (layer F.SilkS) (width 0.1524))
    (fp_line (start 2.2352 5.5626) (end 2.54 5.5626) (layer F.SilkS) (width 0.1524))
    (fp_line (start -2.2352 -5.5626) (end -2.54 -5.5626) (layer F.SilkS) (width 0.1524))
    (fp_line (start -2.54 5.5626) (end -2.2352 5.5626) (layer F.SilkS) (width 0.1524))
    (fp_line (start 2.54 5.5626) (end 2.54 5.2324) (layer F.SilkS) (width 0.1524))
    (fp_line (start 2.54 -5.5626) (end 2.2352 -5.5626) (layer F.SilkS) (width 0.1524))
    (fp_line (start -2.54 -5.5626) (end -2.54 -5.2324) (layer F.SilkS) (width 0.1524))
    (fp_line (start -2.54 5.2324) (end -2.54 5.5626) (layer F.SilkS) (width 0.1524))
    (pad 1 smd rect (at -2.4638 -4.7498 90) (size 0.3048 0.8128) (layers F.Cu F.Paste F.Mask)
      (net 7 DRV2))
    (pad 2 smd rect (at -2.4638 -4.2418 90) (size 0.3048 0.8128) (layers F.Cu F.Paste F.Mask)
      (net 8 HV2))
    (pad 3 smd rect (at -2.4638 -3.7592 90) (size 0.3048 0.8128) (layers F.Cu F.Paste F.Mask)
      (net 9 "Net-(IC1-Pad3)"))
    (pad 4 smd rect (at -2.4638 -3.2512 90) (size 0.3048 0.8128) (layers F.Cu F.Paste F.Mask)
      (net 10 DRV3))
    (pad 5 smd rect (at -2.4638 -2.7432 90) (size 0.3048 0.8128) (layers F.Cu F.Paste F.Mask)
      (net 11 HV3))
    (pad 6 smd rect (at -2.4638 -2.2606 90) (size 0.3048 0.8128) (layers F.Cu F.Paste F.Mask)
      (net 12 "Net-(IC1-Pad6)"))
    (pad 7 smd rect (at -2.4638 -1.7526 90) (size 0.3048 0.8128) (layers F.Cu F.Paste F.Mask)
      (net 13 DRV4))
    (pad 8 smd rect (at -2.4638 -1.2446 90) (size 0.3048 0.8128) (layers F.Cu F.Paste F.Mask)
      (net 14 HV4))
    (pad 9 smd rect (at -2.4638 -0.762 90) (size 0.3048 0.8128) (layers F.Cu F.Paste F.Mask)
      (net 2 +3V3))
    (pad 10 smd rect (at -2.4638 -0.254 90) (size 0.3048 0.8128) (layers F.Cu F.Paste F.Mask)
      (net 4 +5V))
    (pad 11 smd rect (at -2.4638 0.254 90) (size 0.3048 0.8128) (layers F.Cu F.Paste F.Mask)
      (net 3 -5V))
    (pad 12 smd rect (at -2.4638 0.762 90) (size 0.3048 0.8128) (layers F.Cu F.Paste F.Mask)
      (net 1 GND))
    (pad 13 smd rect (at -2.4638 1.2446 90) (size 0.3048 0.8128) (layers F.Cu F.Paste F.Mask)
      (net 15 HV5))
    (pad 14 smd rect (at -2.4638 1.7526 90) (size 0.3048 0.8128) (layers F.Cu F.Paste F.Mask)
      (net 16 DRV5))
    (pad 15 smd rect (at -2.4638 2.2606 90) (size 0.3048 0.8128) (layers F.Cu F.Paste F.Mask)
      (net 17 "Net-(IC1-Pad15)"))
    (pad 16 smd rect (at -2.4638 2.7432 90) (size 0.3048 0.8128) (layers F.Cu F.Paste F.Mask)
      (net 18 HV6))
    (pad 17 smd rect (at -2.4638 3.2512 90) (size 0.3048 0.8128) (layers F.Cu F.Paste F.Mask)
      (net 19 DRV6))
    (pad 18 smd rect (at -2.4638 3.7592 90) (size 0.3048 0.8128) (layers F.Cu F.Paste F.Mask)
      (net 20 "Net-(IC1-Pad18)"))
    (pad 19 smd rect (at -2.4638 4.2418 90) (size 0.3048 0.8128) (layers F.Cu F.Paste F.Mask)
      (net 21 HV7))
    (pad 20 smd rect (at -2.4638 4.7498 90) (size 0.3048 0.8128) (layers F.Cu F.Paste F.Mask)
      (net 22 DRV7))
    (pad 21 smd rect (at -1.7526 5.461) (size 0.3048 0.8128) (layers F.Cu F.Paste F.Mask)
      (net 23 HV8))
    (pad 22 smd rect (at -1.2446 5.461) (size 0.3048 0.8128) (layers F.Cu F.Paste F.Mask)
      (net 24 DRV8))
    (pad 23 smd rect (at -0.762 5.461) (size 0.3048 0.8128) (layers F.Cu F.Paste F.Mask)
      (net 1 GND))
    (pad 24 smd rect (at -0.254 5.461) (size 0.3048 0.8128) (layers F.Cu F.Paste F.Mask)
      (net 25 SCK))
    (pad 25 smd rect (at 0.254 5.461) (size 0.3048 0.8128) (layers F.Cu F.Paste F.Mask)
      (net 26 MOSI))
    (pad 26 smd rect (at 0.762 5.461) (size 0.3048 0.8128) (layers F.Cu F.Paste F.Mask)
      (net 27 MISO))
    (pad 27 smd rect (at 1.2446 5.461) (size 0.3048 0.8128) (layers F.Cu F.Paste F.Mask)
      (net 28 "Net-(IC1-Pad27)"))
    (pad 28 smd rect (at 1.7526 5.461) (size 0.3048 0.8128) (layers F.Cu F.Paste F.Mask)
      (net 29 OUT8))
    (pad 29 smd rect (at 2.4638 4.7498 90) (size 0.3048 0.8128) (layers F.Cu F.Paste F.Mask)
      (net 30 "Net-(IC1-Pad29)"))
    (pad 30 smd rect (at 2.4638 4.2418 90) (size 0.3048 0.8128) (layers F.Cu F.Paste F.Mask)
      (net 31 "Net-(IC1-Pad30)"))
    (pad 31 smd rect (at 2.4638 3.7592 90) (size 0.3048 0.8128) (layers F.Cu F.Paste F.Mask)
      (net 32 OUT7))
    (pad 32 smd rect (at 2.4638 3.2512 90) (size 0.3048 0.8128) (layers F.Cu F.Paste F.Mask)
      (net 33 "Net-(IC1-Pad32)"))
    (pad 33 smd rect (at 2.4638 2.7432 90) (size 0.3048 0.8128) (layers F.Cu F.Paste F.Mask)
      (net 34 "Net-(IC1-Pad33)"))
    (pad 34 smd rect (at 2.4638 2.2606 90) (size 0.3048 0.8128) (layers F.Cu F.Paste F.Mask)
      (net 35 OUT6))
    (pad 35 smd rect (at 2.4638 1.7526 90) (size 0.3048 0.8128) (layers F.Cu F.Paste F.Mask)
      (net 36 "Net-(IC1-Pad35)"))
    (pad 36 smd rect (at 2.4638 1.2446 90) (size 0.3048 0.8128) (layers F.Cu F.Paste F.Mask)
      (net 37 "Net-(IC1-Pad36)"))
    (pad 37 smd rect (at 2.4638 0.762 90) (size 0.3048 0.8128) (layers F.Cu F.Paste F.Mask)
      (net 38 OUT5))
    (pad 38 smd rect (at 2.4638 0.254 90) (size 0.3048 0.8128) (layers F.Cu F.Paste F.Mask)
      (net 39 "Net-(IC1-Pad38)"))
    (pad 39 smd rect (at 2.4638 -0.254 90) (size 0.3048 0.8128) (layers F.Cu F.Paste F.Mask)
      (net 40 "Net-(IC1-Pad39)"))
    (pad 40 smd rect (at 2.4638 -0.762 90) (size 0.3048 0.8128) (layers F.Cu F.Paste F.Mask)
      (net 41 OUT4))
    (pad 41 smd rect (at 2.4638 -1.2446 90) (size 0.3048 0.8128) (layers F.Cu F.Paste F.Mask)
      (net 42 "Net-(IC1-Pad41)"))
    (pad 42 smd rect (at 2.4638 -1.7526 90) (size 0.3048 0.8128) (layers F.Cu F.Paste F.Mask)
      (net 43 "Net-(IC1-Pad42)"))
    (pad 43 smd rect (at 2.4638 -2.2606 90) (size 0.3048 0.8128) (layers F.Cu F.Paste F.Mask)
      (net 44 OUT3))
    (pad 44 smd rect (at 2.4638 -2.7432 90) (size 0.3048 0.8128) (layers F.Cu F.Paste F.Mask)
      (net 45 "Net-(IC1-Pad44)"))
    (pad 45 smd rect (at 2.4638 -3.2512 90) (size 0.3048 0.8128) (layers F.Cu F.Paste F.Mask)
      (net 46 "Net-(IC1-Pad45)"))
    (pad 46 smd rect (at 2.4638 -3.7592 90) (size 0.3048 0.8128) (layers F.Cu F.Paste F.Mask)
      (net 47 OUT2))
    (pad 47 smd rect (at 2.4638 -4.2418 90) (size 0.3048 0.8128) (layers F.Cu F.Paste F.Mask)
      (net 48 "Net-(IC1-Pad47)"))
    (pad 48 smd rect (at 2.4638 -4.7498 90) (size 0.3048 0.8128) (layers F.Cu F.Paste F.Mask)
      (net 49 "Net-(IC1-Pad48)"))
    (pad 49 smd rect (at 1.7526 -5.461) (size 0.3048 0.8128) (layers F.Cu F.Paste F.Mask)
      (net 50 OUT1))
    (pad 50 smd rect (at 1.2446 -5.461) (size 0.3048 0.8128) (layers F.Cu F.Paste F.Mask)
      (net 51 "Net-(IC1-Pad50)"))
    (pad 51 smd rect (at 0.762 -5.461) (size 0.3048 0.8128) (layers F.Cu F.Paste F.Mask)
      (net 52 LE))
    (pad 52 smd rect (at 0.254 -5.461) (size 0.3048 0.8128) (layers F.Cu F.Paste F.Mask)
      (net 53 CLR))
    (pad 53 smd rect (at -0.254 -5.461) (size 0.3048 0.8128) (layers F.Cu F.Paste F.Mask)
      (net 1 GND))
    (pad 54 smd rect (at -0.762 -5.461) (size 0.3048 0.8128) (layers F.Cu F.Paste F.Mask)
      (net 54 "Net-(IC1-Pad54)"))
    (pad 55 smd rect (at -1.2446 -5.461) (size 0.3048 0.8128) (layers F.Cu F.Paste F.Mask)
      (net 55 DRV1))
    (pad 56 smd rect (at -1.7526 -5.461) (size 0.3048 0.8128) (layers F.Cu F.Paste F.Mask)
      (net 56 HV1))
    (pad 57 smd rect (at 0 0) (size 2.4892 8.509) (layers F.Cu F.Paste F.Mask)
      (net 1 GND))
  )

  (module MIC5270-5.0YM5_TR:SOT95P280X145-5N (layer F.Cu) (tedit 5C6A7B65) (tstamp 5C8284AA)
    (at 69.5 22 270)
    (descr "SOT23-5 (M5)_2")
    (tags "Integrated Circuit")
    (path /5C6B5465)
    (attr smd)
    (fp_text reference IC2 (at 0 0 270) (layer F.SilkS) hide
      (effects (font (size 1.27 1.27) (thickness 0.254)))
    )
    (fp_text value MIC5270-5.0YM5_TR (at 0 0 270) (layer F.SilkS) hide
      (effects (font (size 1.27 1.27) (thickness 0.254)))
    )
    (fp_line (start -2.125 -1.76) (end 2.125 -1.76) (layer Dwgs.User) (width 0.05))
    (fp_line (start 2.125 -1.76) (end 2.125 1.76) (layer Dwgs.User) (width 0.05))
    (fp_line (start 2.125 1.76) (end -2.125 1.76) (layer Dwgs.User) (width 0.05))
    (fp_line (start -2.125 1.76) (end -2.125 -1.76) (layer Dwgs.User) (width 0.05))
    (fp_line (start -0.812 -1.455) (end 0.812 -1.455) (layer Dwgs.User) (width 0.1))
    (fp_line (start 0.812 -1.455) (end 0.812 1.455) (layer Dwgs.User) (width 0.1))
    (fp_line (start 0.812 1.455) (end -0.812 1.455) (layer Dwgs.User) (width 0.1))
    (fp_line (start -0.812 1.455) (end -0.812 -1.455) (layer Dwgs.User) (width 0.1))
    (fp_line (start -0.812 -0.505) (end 0.138 -1.455) (layer Dwgs.User) (width 0.1))
    (fp_line (start -0.375 -1.455) (end 0.375 -1.455) (layer F.SilkS) (width 0.2))
    (fp_line (start 0.375 -1.455) (end 0.375 1.455) (layer F.SilkS) (width 0.2))
    (fp_line (start 0.375 1.455) (end -0.375 1.455) (layer F.SilkS) (width 0.2))
    (fp_line (start -0.375 1.455) (end -0.375 -1.455) (layer F.SilkS) (width 0.2))
    (fp_line (start -1.875 -1.5) (end -0.725 -1.5) (layer F.SilkS) (width 0.2))
    (pad 1 smd rect (at -1.3 -0.95) (size 0.6 1.15) (layers F.Cu F.Paste F.Mask)
      (net 57 "Net-(IC2-Pad1)"))
    (pad 2 smd rect (at -1.3 0) (size 0.6 1.15) (layers F.Cu F.Paste F.Mask)
      (net 1 GND))
    (pad 3 smd rect (at -1.3 0.95) (size 0.6 1.15) (layers F.Cu F.Paste F.Mask)
      (net 58 "Net-(IC2-Pad3)"))
    (pad 4 smd rect (at 1.3 0.95) (size 0.6 1.15) (layers F.Cu F.Paste F.Mask)
      (net 3 -5V))
    (pad 5 smd rect (at 1.3 -0.95) (size 0.6 1.15) (layers F.Cu F.Paste F.Mask)
      (net 6 -10V))
  )

  (module TestPoint:TestPoint_Pad_4.0x4.0mm (layer F.Cu) (tedit 5C6A7A4F) (tstamp 5C8284B8)
    (at 36.75 29)
    (descr "SMD rectangular pad as test Point, square 4.0mm side length")
    (tags "test point SMD pad rectangle square")
    (path /5C6C56C2)
    (attr virtual)
    (fp_text reference J1 (at 0 -2.898) (layer F.SilkS) hide
      (effects (font (size 1 1) (thickness 0.15)))
    )
    (fp_text value Conn_01x01_Female (at 0 3.1) (layer F.Fab)
      (effects (font (size 1 1) (thickness 0.15)))
    )
    (fp_line (start 2.5 2.5) (end -2.5 2.5) (layer F.CrtYd) (width 0.05))
    (fp_line (start 2.5 2.5) (end 2.5 -2.5) (layer F.CrtYd) (width 0.05))
    (fp_line (start -2.5 -2.5) (end -2.5 2.5) (layer F.CrtYd) (width 0.05))
    (fp_line (start -2.5 -2.5) (end 2.5 -2.5) (layer F.CrtYd) (width 0.05))
    (fp_line (start -2.2 2.2) (end -2.2 -2.2) (layer F.SilkS) (width 0.12))
    (fp_line (start 2.2 2.2) (end -2.2 2.2) (layer F.SilkS) (width 0.12))
    (fp_line (start 2.2 -2.2) (end 2.2 2.2) (layer F.SilkS) (width 0.12))
